3,2
3,1
3,3
10,191
10,297
10,241
10,201
84,5
84,4
84,3
10,227
84,2
84,1
10,165
10,2
10,3
81,3
81,1
80,3
80,1
78,3
78,1
77,3
77,1
76,5
76,4
76,3
9,7
9,1
9,5
76,2
76,1
74,3
8,5
8,14
8,11
8,7
74,2
8,13
74,1
73,3
73,1
72,3
72,1
71,3
71,1
70,3
70,1
67,4
67,3
67,2
67,1
62,3
62,1
21,3
21,2
21,1
21,0
12,3
12,2
12,1
11,29
11,28
11,25
11,24
11,23
11,21
11,19
11,17
11,16
11,15
11,14
11,13
11,11
11,10
11,9
11,6
11,5
11,4
11,3
11,2
11,1
20,2
20,1
10,299
10,273
20,3
10,269
10,257
10,251
10,213
10,212
10,195
19,2
19,1
10,193
19,3
10,189
10,181
10,175
10,153
10,149
10,142
10,140
10,138
10,131
10,127
10,96
10,92
18,1
10,89
18,3
10,87
10,83
14,1
10,79
14,3
10,76
